90
100
255
73
109
255
255
58
2
255
3
60
40
59
98
255
93
101
255
10
29
255
255
255
66
255
255
107
82
255
23
119
223
108
26
13
103
255
125
255
71
44
50
39
255
47
99
121
255
255
122
76
255
255
255
255
1
4
255
255
41
0
54
48
255
255
255
255
124
88
255
85
72
36
53
33
89
22
21
255
255
255
126
18
62
255
255
255
116
69
255
255
255
84
117
12
255
86
87
255
255
115
255
6
35
255
255
255
255
67
34
79
165
255
30
255
255
255
120
118
68
255
255
255
94
70
255
8
102
255
130
138
52
255
110
25
255
255
255
255
255
255
255
255
255
255
255
255
255
255
255
255
255
255
255
255
255
255
255
255
255
255
255
255
255
255
255
255
255
255
255
255
255
255
255
255
255
255
255
255
255
255
255
255
255
255
255
255
255
255
255
255
255
255
255
255
255
255
255
255
255
255
255
255
255
255
255
255
255
255
255
255
255
255
255
255
255
255
255
255
255
255
255
255
255
255
255
255
255
255
255
255
255
255
255
255
255
255
255
255
255
255
255
255
255
255
255
255
255
255
255
255
255
255
255
255
20
29
255
53
9
127
35
7
85
102
255
50
112
32
255
255
14
105
15
63
107
38
0
96
22
255
77
41
255
255
99
76
12
106
255
104
255
59
17
67
118
2
119
123
92
93
80
255
120
91
65
23
26
101
39
89
43
72
36
124
75
8
64
255
70
98
255
27
255
255
113
255
56
79
117
24
88
255
46
95
45
4
255
16
255
55
25
61
30
255
255
125
5
103
34
100
255
255
86
111
255
57
255
255
69
84
13
71
37
116
66
114
121
68
42
11
115
255
90
10
52
6
255
18
255
255
1
87
255
255
255
255
255
255
255
255
255
255
255
255
255
255
255
255
255
255
255
255
255
255
255
255
255
255
255
255
255
255
255
255
255
255
255
255
255
255
255
255
255
255
255
255
255
255
255
255
255
255
255
255
255
255
255
255
255
255
255
255
255
255
255
255
255
255
255
255
255
255
255
255
255
255
255
255
255
255
255
255
255
255
255
255
255
255
255
255
255
255
255
255
255
255
255
255
255
255
255
255
255
255
255
255
255
255
255
255
255
255
255
255
255
255
255
255
255
255
255
255
255
255
255
255
255
255
255
255

